29.0805 
29.1085 
29.0901 
29.1011 
29.1785 
29.1176 
29.1108 
29.111  
29.1279 
29.1492 
29.1884 
29.1325 
29.1431 
14.6429  
14.6216  
14.604   
14.6243  
14.6714  
14.6375  
14.6435  
14.6547  
14.6484  
14.6513  
14.6786  
14.6706  
14.6733  
7.6191  
7.40652 
7.3938  
7.42718 
7.44627 
7.43483 
7.47493 
7.43666 
7.44725 
7.43423 
7.78676 
7.46651 
7.45067 
5.66351
5.21103
5.2546 
5.10547
5.28626
5.09883
5.13386
5.37333
5.13339
5.16216
5.1691 
5.18397
5.37321
5.53933 
4.00113 
3.96633 
4.10316 
4.03331 
4.09244 
4.14489 
4.05255 
4.16263 
4.03021 
4.18578 
4.04686 
4.07458 
5.82014 
3.60146 
3.20727 
3.1617  
3.15387 
3.19219 
3.33322 
3.30089 
3.2229  
3.22057 
3.33341 
3.34049 
3.2355  
7.36758 
3.99138 
2.91739 
2.90358 
2.86434 
2.86736 
2.95575 
2.87326 
2.90931 
2.85832 
2.8916  
2.96221 
2.94087 
7.33171 
3.96802 
2.6167  
2.55785 
2.6256  
2.59402 
2.71643 
2.65133 
2.73528 
2.71637 
2.67466 
2.59004 
2.67804 
7.44025 
3.92345 
2.32492 
2.35157 
2.43112 
2.3991  
2.45843 
2.44785 
2.53554 
2.54823 
2.47817 
2.51656 
2.55708 
7.42529 
3.97111 
2.46056 
2.29588 
2.34138 
2.26414 
2.2543  
2.45015 
2.40096 
2.36416 
2.53157 
2.54707 
2.53781 
7.74052 
4.93355 
3.29292 
2.81987 
2.4261  
2.4205  
2.46041 
2.39154 
2.38862 
2.39027 
2.50679 
2.21652 
2.38994 
10.6179 
6.11868 
4.04655 
2.98642 
2.83059 
2.41394 
2.69984 
2.65297 
2.43922 
2.54186 
2.55023 
2.53072 
2.69044 
10.8833 
6.07564 
4.04895 
3.58121 
3.12548 
2.76326 
2.64008 
3.16987 
2.73338 
2.88433 
2.70864 
2.71461 
2.49994 
5.36387
3.19683
1.56253
1.52366
1.52843
1.54714
1.49321
1.48152
1.58231
1.55469
1.50978
1.65415
1.48224
5.4964  
3.74312 
1.93763 
1.45992 
1.56357 
1.44145 
1.54546 
1.47964 
1.55516 
1.58607 
1.55137 
1.59707 
1.444   
6.03526 
3.07404 
1.81077 
1.64439 
1.65705 
1.70109 
1.6295  
1.76513 
1.77287 
1.7486  
1.74578 
1.77475 
1.71781 
5.80813 
3.22186 
2.02375 
1.87585 
1.91376 
1.94486 
1.86934 
1.94707 
1.86173 
1.94101 
1.971   
1.9211  
1.92837 
6.1321  
3.41916 
2.21649 
2.00813 
2.09544 
2.05169 
2.09847 
2.09914 
2.18063 
2.11785 
2.03913 
2.03869 
2.07417 
6.12103 
4.24552 
2.34247 
2.2721  
2.28768 
2.33182 
2.21432 
2.29692 
2.27143 
2.25144 
2.2735  
2.30453 
2.33141 
7.04844 
3.76068 
2.5751  
2.62877 
2.50168 
2.4775  
2.44    
2.476   
2.45207 
2.37594 
2.49829 
2.4417  
2.6091  
6.87802 
3.84365 
2.72209 
2.67337 
2.66579 
2.65909 
2.62882 
2.63248 
2.62509 
2.77768 
2.68287 
2.57547 
2.66264 
6.98194 
4.09108 
2.91989 
2.8845  
2.86247 
2.96803 
2.95481 
2.79592 
2.9818  
2.85004 
2.84184 
2.88659 
2.88552 
6.68767
4.31355
3.1883
3.24191
3.06461
3.02642
3.17814
3.00846
3.13443
3.18077
3.32454
3.15286
3.06006
